time bd_pulse
0.000000000000000000e+00 3.022668431163079416e-20
7.432686698271349657e-12 1.497000593563609958e-05
1.486537339654269931e-11 3.597576013879189743e-05
2.229806009481409905e-11 6.449116041902490935e-05
2.973074679308539863e-11 1.022030308870930105e-04
3.716343349135679514e-11 1.510090748888559846e-04
4.459612018962810117e-11 2.130049090520349912e-04
5.202880688789949768e-11 2.904570821880670490e-04
5.946149358617079725e-11 3.857586578082220527e-04
6.689418028444220669e-11 5.013636823401970439e-04
7.432686698271349980e-11 6.396967062258659097e-04
8.175955368098490923e-11 8.030335096870390823e-04
8.919224037925620234e-11 9.933493502229308759e-04
9.662492707752759885e-11 1.212131438118990061e-03
1.040576137757990212e-10 1.460153002998919747e-03
1.114903004740700041e-10 1.737207280392450088e-03
1.189229871723420081e-10 2.041801059367420040e-03
1.263556738706129910e-10 2.370809119511049692e-03
1.337883605688839998e-10 2.719092965458549688e-03
1.412210472671560167e-10 3.079089741909389957e-03
1.486537339654269996e-10 3.440380064475259594e-03
1.560864206636979825e-10 3.789246691430389526e-03
1.635191073619699994e-10 4.108239421464480144e-03
1.709517940602410082e-10 4.375765236303300054e-03
1.783844807585119911e-10 4.565726386506910664e-03
1.858171674567839821e-10 4.647232683690018934e-03
1.932498541550549909e-10 4.584417521424690237e-03
2.006825408533260255e-10 4.336389880396590221e-03
2.081152275515980424e-10 3.857356537783350556e-03
2.155479142498689995e-10 3.096949636985029709e-03
2.229806009481410422e-10 2.000794416022789752e-03
2.304132876464119993e-10 5.113499810480579217e-04
2.378459743446830339e-10 -1.430947694712739931e-03
2.452786610429549991e-10 -3.886217070828220429e-03
2.527113477412259820e-10 -6.913321016523879536e-03
2.601440344394970167e-10 -1.056770992561030000e-02
2.675767211377689819e-10 -1.489892473312819966e-02
2.750094078360399648e-10 -1.994778100506680238e-02
2.824420945343109994e-10 -2.574327155166099973e-02
2.898747812325829646e-10 -3.229924280232689821e-02
2.973074679308539992e-10 -3.961091897843979637e-02
3.047401546291250338e-10 -4.765136727700560598e-02
3.121728413273969990e-10 -5.636801607537270803e-02
3.196055280256680336e-10 -6.567935571489870450e-02
3.270382147239389648e-10 -7.547196676273540406e-02
3.344709014222110334e-10 -8.559803277264890764e-02
3.419035881204820164e-10 -9.587350243898509761e-02
3.493362748187539299e-10 -1.060770686640159916e-01
3.567689615170250162e-10 -1.159501285222380024e-01
3.642016482152960508e-10 -1.251978776285720130e-01
3.716343349135679643e-10 -1.334916744193399840e-01
3.790670216118390506e-10 -1.404727840046399723e-01
3.864997083101099818e-10 -1.457575775192680168e-01
3.939323950083820504e-10 -1.489442216012610010e-01
4.013650817066529299e-10 -1.496208444522139913e-01
4.087977684049239646e-10 -1.473751109626749989e-01
4.162304551031960848e-10 -1.418050810911329895e-01
4.236631418014670161e-10 -1.325311649085610111e-01
4.310958284997379990e-10 -1.192089266348979881e-01
4.385285151980100159e-10 -1.015424310399720004e-01
4.459612018962809988e-10 -7.929777138686290583e-02
4.533938885945519817e-10 -5.231637137488490130e-02
4.608265752928239986e-10 -2.052761697815289402e-02
4.682592619910949815e-10 1.603964979408399952e-02
4.756919486893660678e-10 5.724725212107070055e-02
4.831246353876378779e-10 1.028398836473970041e-01
4.905573220859090677e-10 1.524398409859880066e-01
4.979900087841810846e-10 2.055446820200370062e-01
5.054226954824519641e-10 2.615281453641159493e-01
5.128553821807229470e-10 3.196445854061329972e-01
5.202880688789950673e-10 3.790370803956339962e-01
5.277207555772659468e-10 4.387492605910540133e-01
5.351534422755370331e-10 4.977407828123769917e-01
5.425861289738089466e-10 5.549062508235209634e-01
5.500188156720799295e-10 6.090972522933890687e-01
5.574515023703511193e-10 6.591470575423280520e-01
5.648841890686229294e-10 7.038974079493900415e-01
5.723168757668940157e-10 7.422267178321010350e-01
5.797495624651651020e-10 7.730789276247159725e-01
5.871822491634371189e-10 7.954921826104860427e-01
5.946149358617079984e-10 8.086264739553480352e-01
6.020476225599789813e-10 8.117893701048579658e-01
6.094803092582508948e-10 8.044589884515499500e-01
6.169129959565220845e-10 7.863034100887739131e-01
6.243456826547929640e-10 7.571958237218240351e-01
6.317783693530649809e-10 7.172247964197649983e-01
6.392110560513360673e-10 6.666992056418750145e-01
6.466437427496078774e-10 6.061475245059589900e-01
6.540764294478790671e-10 5.363113252438760359e-01
6.615091161461500500e-10 4.581330480939679872e-01
6.689418028444220669e-10 3.727382678555919981e-01
6.763744895426930498e-10 2.814128710611730200e-01
6.838071762409640327e-10 1.855757263205189689e-01
6.912398629392360496e-10 8.674758230454590602e-02
6.986725496375070325e-10 -1.348294387945199978e-02
7.061052363357779121e-10 -1.134953255713409964e-01
7.135379230340500323e-10 -2.116740033951820255e-01
7.209706097323208085e-10 -3.064451191004359809e-01
7.284032964305921016e-10 -3.963120503907949788e-01
7.358359831288640151e-10 -4.798887320361759912e-01
7.432686698271349980e-10 -5.559298246042789771e-01
7.507013565254058775e-10 -6.233568998884030377e-01
7.581340432236781012e-10 -6.812799472770679765e-01
7.655667299219490841e-10 -7.290136625877049470e-01
7.729994166202199636e-10 -7.660881541385119453e-01
7.804321033184919805e-10 -7.922538833859249507e-01
7.878647900167628601e-10 -8.074808423869058727e-01
7.952974767150350838e-10 -8.119521507809089877e-01
8.027301634133058599e-10 -8.060524243889629625e-01
8.101628501115770496e-10 -7.903514199655520267e-01
8.175955368098490665e-10 -7.655835910209439765e-01
8.250282235081199460e-10 -7.326242938942059135e-01
8.324609102063909289e-10 -6.924634585044030510e-01
8.398935969046630492e-10 -6.461775827910569703e-01
8.473262836029340321e-10 -5.949009233974569266e-01
8.547589703012049117e-10 -5.397967385095510107e-01
8.621916569994769286e-10 -4.820293939441359643e-01
8.696243436977479115e-10 -4.227380735985840077e-01
8.770570303960191012e-10 -3.630127440836959374e-01
8.844897170942908079e-10 -3.038729152472340322e-01
8.919224037925619976e-10 -2.462496182576419668e-01
8.993550904908330839e-10 -1.909708960391749977e-01
9.067877771891049974e-10 -1.387509721780089966e-01
9.142204638873759803e-10 -9.018313875465129581e-02
9.216531505856479972e-10 -4.573628527220729989e-02
9.290858372839189801e-10 -5.754883730007519411e-03
9.365185239821899631e-10 2.953784797653980290e-02
9.439512106804619800e-10 6.003395846024710270e-02
9.513838973787327561e-10 8.573236344791880514e-02
9.588165840770041526e-10 1.067284865386860099e-01
9.662492707752757559e-10 1.232024130199489975e-01
9.736819574735469456e-10 1.354060328274500069e-01
9.811146441718181353e-10 1.436496355927359969e-01
9.885473308700899454e-10 1.482883932079450129e-01
9.959800175683609283e-10 1.497091257905809880e-01
1.003412704266629843e-09 1.483176979356430059e-01
1.010845390964899999e-09 1.445273364047480191e-01
1.018278077663180081e-09 1.387481006234820013e-01
1.025710764361450030e-09 1.313776761257220149e-01
1.033143451059719979e-09 1.227936007730570100e-01
1.040576137757990135e-09 1.133469762778160084e-01
1.048008824456259877e-09 1.033576650155149934e-01
1.055441511154530032e-09 9.311092569479909042e-02
1.062874197852799981e-09 8.285540213534879628e-02
1.070306884551069930e-09 7.280234777352678766e-02
1.077739571249350012e-09 6.312594479043820428e-02
1.085172257947619961e-09 5.396456082296199885e-02
1.092604944645890117e-09 4.542277767187620496e-02
1.100037631344159859e-09 3.757402462284960276e-02
1.107470318042429808e-09 3.046365312581169812e-02
1.114903004740699964e-09 2.411229869272049978e-02
1.122335691438969913e-09 1.851938896139300114e-02
1.129768378137249788e-09 1.366667290475589991e-02
1.137201064835520150e-09 9.521664139077689465e-03
1.144633751533790099e-09 6.040910264982580179e-03
1.152066438232060048e-09 3.173019319626529684e-03
1.159499124930330204e-09 8.613930017209750446e-04
1.166931811628599946e-09 -9.533662432355110303e-04
1.174364498326869895e-09 -2.331391383485649851e-03
1.181797185025139844e-09 -3.331833453174610441e-03
1.189229871723419926e-09 -4.011482228991620179e-03
1.196662558421689875e-09 -4.423706982986349776e-03
1.204095245119960031e-09 -4.617692097701679710e-03
1.211527931818229980e-09 -4.637937179288119903e-03
1.218960618516500135e-09 -4.523988101901089617e-03
1.226393305214769877e-09 -4.310363946888930327e-03
1.233825991913039826e-09 -4.026644816020060781e-03
1.241258678611319908e-09 -3.697686736355370284e-03
1.248691365309590064e-09 -3.343932070238829924e-03
1.256124052007860013e-09 -2.981786741411860016e-03
1.263556738706129962e-09 -2.624038949915369866e-03
1.270989425404399911e-09 -2.280297661671610004e-03
1.278422112102670067e-09 -1.957432840216540276e-03
1.285854798800939809e-09 -1.660002986402510069e-03
1.293287485499220097e-09 -1.390658947538129901e-03
1.300720172197490046e-09 -1.150516061976919989e-03
1.308152858895759995e-09 -9.394894590717640590e-04
1.315585545594029944e-09 -7.565897039240770169e-04
1.323018232292300100e-09 -6.001779498847659199e-04
1.330450918990570049e-09 -4.681813459743560117e-04
1.337883605688840205e-09 -3.582706622589240208e-04
1.345316292387109947e-09 -2.680029752393219564e-04
1.352748979085390029e-09 -1.949328359909149855e-04
1.360181665783659771e-09 -1.366956685564230231e-04
1.367614352481929927e-09 -9.106725865659698251e-05
1.375047039180200082e-09 -5.600313599915140615e-05
1.382479725878470031e-09 -2.966146768665189730e-05
1.389912412576740187e-09 -1.041280211055779988e-05
1.397345099275009929e-09 3.160335520134860499e-06
1.404777785973290011e-09 1.227136587149330047e-05
1.412210472671560167e-09 1.794284760256920197e-05
1.419643159369830116e-09 2.102306416828089982e-05
1.427075846068100065e-09 2.220448414228700022e-05
1.434508532766370220e-09 2.204289779089800075e-05
1.441941219464639963e-09 2.097632109882450135e-05
1.449373906162909912e-09 1.934300862792979927e-05
1.456806592861180067e-09 1.739812793542430054e-05
1.464239279559460149e-09 1.532882202192530031e-05
1.471671966257730305e-09 1.326752494560220039e-05
1.479104652955999840e-09 1.130350270785440048e-05
1.486537339654269996e-09 9.492670664057490740e-06
1.493970026352539945e-09 7.865794111800821010e-06
1.501402713050810101e-09 6.435214394947520848e-06
1.508835399749080050e-09 5.200262663466100822e-06
1.516268086447360132e-09 4.151530848944589190e-06
1.523700773145629874e-09 3.274167557913059881e-06
1.531133459843899823e-09 2.550358119581569838e-06
1.538566146542169978e-09 1.961135181963049977e-06
1.545998833240439927e-09 1.487650838511499830e-06
1.553431519938710083e-09 1.112024703820969996e-06
1.560864206636979825e-09 8.178657107362850368e-07
1.568296893335260114e-09 5.905494404999089831e-07
1.575729580033530063e-09 4.173180380404539864e-07
1.583162266731800219e-09 2.872565169353199926e-07
1.590594953430070168e-09 1.911876726889960074e-07
1.598027640128340116e-09 1.215179268753399806e-07
1.605460326826609859e-09 7.205815897964320772e-08
1.612893013524879808e-09 3.783682906903010645e-08
1.620325700223149963e-09 1.491729856682359854e-08
1.627758386921429838e-09 2.270466536620200000e-10
1.635191073619700201e-09 -8.596719513525090310e-09
1.642623760317969943e-09 -1.334292128165979993e-08
1.650056447016239892e-09 -1.534346763353499786e-08
1.657489133714509841e-09 -1.557178604226780105e-08
1.664921820412779997e-09 -1.472440756230889923e-08
1.672354507111050152e-09 -1.328738638214249991e-08
1.679787193809330028e-09 -1.158950196928400118e-08
1.687219880507599976e-09 -9.844199350227521179e-09
1.694652567205870132e-09 -8.182124502030850885e-09
1.702085253904140081e-09 -6.675949016758230031e-09
1.709517940602409823e-09 -5.358982111331620297e-09
1.716950627300679979e-09 -4.238860860365350049e-09
1.724383313998949721e-09 -3.307406361800589981e-09
1.731816000697219877e-09 -2.547544071955569748e-09
1.739248687395499959e-09 -1.938016310036399872e-09
1.746681374093770115e-09 -1.456466464651479967e-09
1.754114060792040064e-09 -1.081348162568510021e-09
1.761546747490310219e-09 -7.930076144280479913e-10
1.768979434188580375e-09 -5.742017152225880277e-10
1.776412120886849910e-09 -4.102459849851760518e-10
1.783844807585120066e-09 -2.889326653933229706e-10
1.791277494283399734e-09 -2.003178568969189847e-10
1.798710180981670097e-09 -1.364452666718830089e-10
1.806142867679939839e-09 -9.105095093411560509e-11
1.813575554378209995e-09 -5.927665080668190675e-11
1.821008241076479944e-09 -3.740748260285379648e-11
1.828440927774749893e-09 -2.264165030449670076e-11
1.835873614473020048e-09 -1.289453152328230095e-11
1.843306301171299924e-09 -6.636182958282210697e-12
1.850738987869569872e-09 -2.759424782618630204e-12
1.858171674567840028e-09 -4.747462257157910429e-13
1.865604361266110184e-09 7.720064256788139914e-13
1.873037047964379926e-09 1.363084518239469889e-12
1.880469734662650082e-09 1.557021319986099971e-12
1.887902421360919824e-09 1.524686178234859879e-12
1.895335108059189980e-09 1.375869769289630075e-12
1.902767794757470062e-09 1.178597175761109997e-12
1.910200481455740217e-09 9.729421635087438576e-13
1.917633168154009960e-09 7.807464420800410356e-13
1.925065854852280115e-09 6.123354675863460063e-13
1.932498541550550271e-09 4.710655009777469301e-13
1.939931228248820013e-09 3.563300651392570117e-13
1.947363914947090169e-09 2.654910938432870182e-13
1.954796601645370251e-09 1.950740013605799906e-13
1.962229288343639993e-09 1.414699724570500111e-13
1.969661975041909735e-09 1.013169726284560051e-13
1.977094661740179891e-09 7.167811103120320664e-14
1.984527348438450047e-09 5.009770234416229786e-14
1.991960035136719789e-09 3.458812178653180116e-14
1.999392721834989944e-09 2.358150424626429980e-14
2.006825408533259687e-09 1.586729897565579967e-14
2.014258095231539769e-09 1.052796718399430123e-14
2.021690781929810338e-09 6.879431359710870249e-15
2.029123468628080080e-09 4.419314086794160466e-15
2.036556155326350236e-09 2.783859431723080025e-15
2.043988842024620391e-09 1.713226246633479998e-15
2.051421528722889720e-09 1.024240637584240028e-15
2.058854215421159876e-09 5.894621907755179321e-16
2.066286902119439958e-09 3.214002585398180294e-16
2.073719588817709700e-09 1.608120534953449949e-16
2.081152275515980269e-09 6.816050700234950351e-17
2.088584962214250011e-09 1.746927826043740031e-17
2.096017648912519753e-09 -8.035857207837119691e-18
2.103450335610789909e-09 -1.897592207598829870e-17
2.110883022309060065e-09 -2.192197864091910135e-17
2.118315709007339733e-09 -2.082544753829740127e-17
2.125748395705610303e-09 -1.797638449680849833e-17
2.133181082403879631e-09 -1.463532366090689966e-17
2.140613769102150200e-09 -1.144264394718129845e-17
2.148046455800419943e-09 -8.678591513003450367e-18
2.155479142498689685e-09 -6.424659154921769456e-18
2.162911829196960254e-09 -4.660953184489690335e-18
2.170344515895229583e-09 -3.322839673976879451e-18
2.177777202593510078e-09 -2.332281234274289553e-18
2.185209889291780234e-09 -1.613880736520889999e-18
2.192642575990049976e-09 -1.102012944106689986e-18
2.200075262688319718e-09 -7.430155088180629940e-19
2.207507949386589874e-09 -4.948423523856410134e-19
2.214940636084859616e-09 -3.255819079464779227e-19
2.222373322783129772e-09 -2.116191670143800160e-19
2.229806009481410267e-09 -1.358427238675779905e-19
2.237238696179680009e-09 -8.607724763201949417e-20
2.244671382877950165e-09 -5.379900262917140027e-20
2.252104069576219907e-09 -3.312863714908289669e-20
2.259536756274490477e-09 -2.006681966252240025e-20
2.266969442972759805e-09 -1.192902292815339821e-20
2.274402129671029547e-09 -6.936492863110178965e-21
2.281834816369300117e-09 -3.925715986390789347e-21
2.289267503067580199e-09 -2.145463893173939912e-21
2.296700189765849941e-09 -1.117164231207169852e-21
2.304132876464120096e-09 -5.402061352523260164e-22
2.311565563162389839e-09 -2.285964736870710331e-22
2.318998249860660408e-09 -6.915359968807048368e-23
2.326430936558930150e-09 5.716720814521488948e-24
2.333863623257199892e-09 3.550942775776189402e-23
2.341296309955480388e-09 4.269643625767209929e-23
2.348728996653750130e-09 3.963768100660970177e-23
2.356161683352019872e-09 3.282390370912739731e-23
2.363594370050290028e-09 2.543480765066059968e-23
2.371027056748560183e-09 1.884991212065629900e-23
2.378459743446830339e-09 1.351919177167320008e-23
2.385892430145100081e-09 9.449659747306489494e-24
2.393325116843379750e-09 6.466527847777769595e-24
2.400757803541649492e-09 4.345476799367279800e-24
2.408190490239920061e-09 2.873631399974009934e-24
2.415623176938189803e-09 1.872820672907060168e-24
2.423055863636459959e-09 1.204160175122700021e-24
2.430488550334729701e-09 7.643672710736869659e-25
2.437921237033000271e-09 4.792269316550430053e-25
2.445353923731270013e-09 2.968211559944559654e-25
2.452786610429549681e-09 1.816208332967900173e-25
2.460219297127820250e-09 1.097655430395129980e-25
2.467651983826089992e-09 6.549538100715920422e-26
2.475084670524359735e-09 3.855674454340879354e-26
2.482517357222629890e-09 2.237141539942130114e-26
2.489950043920900046e-09 1.277495020195019852e-26
2.497382730619170202e-09 7.164748453923530572e-27
2.504815417317450284e-09 3.934835117326819180e-27
2.512248104015720026e-09 2.106778622156159506e-27
2.519680790713990595e-09 1.092194623984729869e-27
2.527113477412259924e-09 5.420252722773440500e-28
2.534546164110529666e-09 2.521569389954500072e-28
2.541978850808799822e-09 1.050875536377469897e-28
2.549411537507069564e-09 3.434436790061930058e-29
2.556844224205340133e-09 3.067700665287749439e-30
2.564276910903620215e-09 -8.701068742058590448e-30
2.571709597601890371e-09 -1.145442655998700076e-29
2.579142284300159699e-09 -1.049813633831730093e-29
2.586574970998430269e-09 -8.370848480593541434e-30
2.594007657696700011e-09 -6.184440288509570257e-30
2.601440344394970167e-09 -4.348619938732749259e-30
2.608873031093240322e-09 -2.950944025400999847e-30
2.616305717791519991e-09 -1.948282789171330125e-30
2.623738404489790146e-09 -1.257899492445779989e-30
2.631171091188059888e-09 -7.969284456606169725e-31
2.638603777886330458e-09 -4.965788340602939405e-31
2.646036464584600200e-09 -3.048352929892759990e-31
2.653469151282869942e-09 -1.845659099916669787e-31
2.660901837981140098e-09 -1.103041361455089930e-31
2.668334524679420180e-09 -6.510416789812308425e-32
2.675767211377689922e-09 -3.795970982157299441e-32
2.683199898075960078e-09 -2.186565643651900095e-32
2.690632584774230233e-09 -1.244132240404180000e-32
2.698065271472499562e-09 -6.990030927917261284e-33
2.705497958170769718e-09 -3.875574842075980497e-33
2.712930644869040287e-09 -2.118560814754729586e-33
2.720363331567310029e-09 -1.140311714163990037e-33
2.727796018265590111e-09 -6.032182987166628843e-34
2.735228704963859853e-09 -3.127761020666360021e-34
2.742661391662130009e-09 -1.583421894731429840e-34
2.750094078360400165e-09 -7.779585858073039375e-35
2.757526765058670320e-09 -3.673453433271579814e-35
2.764959451756940063e-09 -1.638374093100619835e-35
2.772392138455209805e-09 -6.661178906773281343e-36
2.779824825153490300e-09 -2.249473608383090128e-36
2.787257511851759629e-09 -4.024684731684989838e-37
2.794690198550029785e-09 2.627047903652439948e-37
2.802122885248299940e-09 4.205369541717800294e-37
2.809555571946569682e-09 3.861877829934869536e-37
2.816988258644839838e-09 2.979232872389680174e-37
2.824420945343109994e-09 2.103042450700119788e-37
2.831853632041379736e-09 1.404608404727229857e-37
2.839286318739660232e-09 9.024420708606790370e-38
2.846719005437930387e-09 5.630119887597759872e-38
2.854151692136200129e-09 3.430613607210430316e-38
2.861584378834470699e-09 2.049443511547750212e-38
2.869017065532740441e-09 1.203479962875369744e-38
2.876449752231009356e-09 6.959358284543799194e-39
2.883882438929279925e-09 3.968095552855990218e-39
2.891315125627560007e-09 2.232869445436549672e-39
2.898747812325829749e-09 1.240703907854070042e-39
2.906180499024100319e-09 6.809967692414877990e-40
2.913613185722370061e-09 3.692737621958328594e-40
2.921045872420640216e-09 1.978077206674369823e-40
2.928478559118910372e-09 1.046409960622709805e-40
2.935911245817180528e-09 5.463783188296489724e-41
2.943343932515460610e-09 2.813603633244989998e-41
2.950776619213729938e-09 1.427235780944350009e-41
2.958209305911999681e-09 7.119678748059959105e-42
2.965641992610269836e-09 3.484280841142820130e-42
2.973074679308539992e-09 1.666994192137099943e-42
2.980507366006810148e-09 7.755844036635929130e-43
2.987940052705079890e-09 3.479703823877790069e-43
2.995372739403350046e-09 1.483758227668499861e-43
3.002805426101630128e-09 5.844981961649289393e-44
3.010238112799900283e-09 1.987491550769319776e-44
3.017670799498170025e-09 4.530314847109649679e-45
3.025103486196439768e-09 -7.919782443358079686e-46
3.032536172894709510e-09 -2.090691484559129796e-45
3.039968859592980493e-09 -1.968184633440259953e-45
3.047401546291249821e-09 -1.478337062336719795e-45
3.054834232989529903e-09 -9.996949089166207705e-46
3.062266919687799645e-09 -6.350492346393950635e-46
3.069699606386069801e-09 -3.865954461437778922e-46
3.077132293084339957e-09 -2.280175573660829764e-46
3.084564979782610112e-09 -1.311651226428769654e-46
3.091997666480879855e-09 -7.390369491624588838e-47
3.099430353179150010e-09 -4.090422058564449737e-47
3.106863039877420166e-09 -2.228422731495700108e-47
3.114295726575699834e-09 -1.196655293330210017e-47
3.121728413273970817e-09 -6.340336262036389902e-48
3.129161099972240146e-09 -3.316784226744550344e-48
3.136593786670509474e-09 -1.713805112830679899e-48
3.144026473368780044e-09 -8.748340767299497723e-49
3.151459160067049786e-09 -4.411646323064619927e-49
3.158891846765319942e-09 -2.197284501383479497e-49
3.166324533463600437e-09 -1.080396314705899991e-49
3.173757220161870179e-09 -5.240523987938448949e-50
3.181189906860140335e-09 -2.504940131963810117e-50
3.188622593558410491e-09 -1.178120870782550206e-50
3.196055280256680233e-09 -5.440158114933299386e-51
3.203487966954950389e-09 -2.458684029698109949e-51
3.210920653653219717e-09 -1.082519664444919930e-51
3.218353340351499799e-09 -4.609319025781070293e-52
3.225786027049769955e-09 -1.874863386300430361e-52
3.233218713748040111e-09 -7.119459922398818335e-53
3.240651400446310266e-09 -2.397802458105179661e-53
3.248084087144580008e-09 -6.101891553416348272e-54
3.255516773842850164e-09 -1.164696063956659712e-55
3.262949460541120320e-09 1.380931824029169458e-54
3.270382147239390062e-09 1.384704316963369739e-54
3.277814833937669730e-09 1.021496193656719777e-54
3.285247520635939886e-09 6.639135938131259098e-55
3.292680207334209628e-09 4.017677204846469577e-55
3.300112894032479784e-09 2.319498383717200011e-55
3.307545580730749940e-09 1.294057009082069812e-55
3.314978267429019682e-09 7.029942387727229235e-56
3.322410954127290251e-09 3.736685027276129051e-56
3.329843640825569920e-09 1.949662703518249672e-56
3.337276327523840075e-09 1.000780395250319766e-56
3.344709014222110231e-09 5.061792533771028760e-57
3.352141700920379560e-09 2.525419669112899465e-57
3.359574387618650543e-09 1.243807830649359885e-57
3.367007074316920285e-09 6.050224603653099473e-58
3.374439761015189613e-09 2.907340127523959753e-58
3.381872447713459769e-09 1.380202350967229919e-58
3.389305134411740264e-09 6.472005075397788776e-59
3.396737821110009593e-09 2.996502902138599818e-59
3.404170507808280162e-09 1.368958139512479712e-59
3.411603194506549904e-09 6.165212945678119476e-60
3.419035881204819647e-09 2.733322780113819459e-60
3.426468567903090216e-09 1.190610715628259636e-60
3.433901254601359958e-09 5.081187595812109509e-61
3.441333941299639626e-09 2.115816225065479760e-61
3.448766627997910609e-09 8.541537753874917631e-62
3.456199314696179938e-09 3.308170765340909863e-62
3.463632001394450094e-09 1.206187827532609709e-62
3.471064688092720663e-09 3.979050406586269107e-63
3.478497374790989992e-09 1.064737950024349812e-63
3.485930061489259734e-09 1.228251818787639868e-64
3.493362748187540229e-09 -1.164566593499679864e-64
3.500795434885809971e-09 -1.337726396590929732e-64
3.508228121584080127e-09 -9.812685551229087809e-65
3.515660808282350283e-09 -6.155690075604389245e-65
3.523093494980620439e-09 -3.555504845355319386e-65
3.530526181678890181e-09 -1.948678793888709538e-65
3.537958868377160750e-09 -1.029001090429099935e-65
3.545391555075430492e-09 -5.281218461468928180e-66
3.552824241773710160e-09 -2.648932983075959632e-66
3.560256928471979903e-09 -1.303150910363239726e-66
3.567689615170250058e-09 -6.303473911965509669e-67
3.575122301868519800e-09 -3.003163748614740055e-67
3.582554988566790370e-09 -1.410981255268779808e-67
3.589987675265060112e-09 -6.542940571633087592e-68
3.597420361963329854e-09 -2.996222701360250038e-68
3.604853048661609522e-09 -1.355376289110959918e-68
3.612285735359879678e-09 -6.057210309091258947e-69
3.619718422058149834e-09 -2.674023420537009957e-69
3.627151108756419990e-09 -1.165727241072999831e-69
3.634583795454689732e-09 -5.015587214502759644e-70
3.642016482152959888e-09 -2.127970753023849966e-70
3.649449168851230043e-09 -8.891783308693008615e-71
3.656881855549499785e-09 -3.652789501627729406e-71
3.664314542247780281e-09 -1.471556137791799761e-71
3.671747228946050023e-09 -5.792193472332670147e-72
3.679179915644319352e-09 -2.215082307535909571e-72
3.686612602342590335e-09 -8.156509540997448425e-73
3.694045289040860077e-09 -2.846694840694369054e-73
3.701477975739129819e-09 -9.125568497016988721e-74
3.708910662437399561e-09 -2.484673998715400164e-74
3.716343349135680056e-09 -4.155600556759390014e-75
3.723776035833949799e-09 1.123849785221099789e-75
3.731208722532220368e-09 1.759836753343059805e-75
3.738641409230490524e-09 1.307607225257840059e-75
3.746074095928759852e-09 7.961312163140618903e-76
3.753506782627030008e-09 4.399455530235889210e-76
3.760939469325300164e-09 2.291868543016789477e-76
3.768372156023579418e-09 1.146279666578409862e-76
3.775804842721850401e-09 5.560617419385509066e-77
3.783237529420119730e-09 2.632635250900629059e-77
3.790670216118389886e-09 1.221387942537599815e-77
3.798102902816660041e-09 5.568097833982279184e-78
3.805535589514930197e-09 2.499097073647999128e-78
3.812968276213200353e-09 1.105779792600390086e-78
3.820400962911469681e-09 4.828055172256409409e-79
3.827833649609749763e-09 2.081456970045699706e-79
3.835266336308019919e-09 8.863763902147798970e-80
3.842699023006290075e-09 3.729004366710659497e-80
3.850131709704560231e-09 1.549780814305799577e-80
3.857564396402829559e-09 6.361178047661849689e-81
3.864997083101100542e-09 2.577394221747179601e-81
3.872429769799370698e-09 1.030068511005189937e-81
3.879862456497640026e-09 4.056079659006610191e-82
3.887295143195920108e-09 1.571118535723459681e-82
3.894727829894190264e-09 5.972915816720058698e-83
3.902160516592459593e-09 2.221300363674470146e-83
3.909593203290729748e-09 8.041280072281527710e-84
3.917025889988999904e-09 2.811596248501149250e-84
3.924458576687270060e-09 9.369750034136146659e-85
3.931891263385549314e-09 2.901774573034889144e-85
3.939323950083819470e-09 7.879134657598269063e-86
3.946756636782089626e-09 1.541914693803799663e-86
3.954189323480359782e-09 -6.575446572078058444e-88
3.961622010178629937e-09 -3.107985743055148580e-87
3.969054696876900093e-09 -2.409829705609319444e-87
3.976487383575170249e-09 -1.434680902721319881e-87
3.983920070273439577e-09 -7.607507074499098527e-88
3.991352756971720487e-09 -3.772412295840348583e-88
3.998785443669990642e-09 -1.788559751628749574e-88
4.006218130368259971e-09 -8.204850067153238064e-89
4.013650817066530127e-09 -3.667866082878629810e-89
4.021083503764799455e-09 -1.605143602101599633e-89
4.028516190463069611e-09 -6.897691097707238227e-90
4.035948877161340594e-09 -2.916793049678289122e-90
4.043381563859609922e-09 -1.215537083338959794e-90
4.050814250557890004e-09 -4.997424661403789298e-91
4.058246937256160160e-09 -2.028379095607839900e-91
4.065679623954430316e-09 -8.131496527969478986e-92
4.073112310652700471e-09 -3.220367050270588354e-92
4.080544997350970627e-09 -1.259964369612859634e-92
4.087977684049240783e-09 -4.869040404876358655e-93
4.095410370747509284e-09 -1.857708285629699773e-93
4.102843057445790193e-09 -6.993006916102238629e-94
4.110275744144059522e-09 -2.594563492122350012e-94
4.117708430842330505e-09 -9.474410344777049516e-95
4.125141117540600661e-09 -3.398108976603499391e-95
4.132573804238869989e-09 -1.193540676367360113e-95
4.140006490937140145e-09 -4.087433214660828369e-96
4.147439177635410301e-09 -1.355587153010109758e-96
4.154871864333689555e-09 -4.304982213889688599e-97
4.162304551031960538e-09 -1.282324770898789452e-97
4.169737237730229867e-09 -3.426493818533989355e-98
4.177169924428500023e-09 -7.214956739311408070e-99
4.184602611126769351e-09 -4.515916998585629191e-100
4.192035297825039507e-09 7.168382423101505726e-100
4.199467984523310490e-09 6.115149832532219130e-100
4.206900671221579818e-09 3.597222741492749711e-100
4.214333357919859900e-09 1.837198961768739812e-100
4.221766044618129229e-09 8.687274866620457771e-101
4.229198731316400212e-09 3.908131714732699325e-101
4.236631418014670367e-09 1.696379780419079779e-101
4.244064104712939696e-09 7.163138889065948022e-102
4.251496791411209852e-09 2.957676929951799321e-102
4.258929478109480008e-09 1.198265918456709807e-102
4.266362164807759262e-09 4.774569478147349309e-103
4.273794851506029418e-09 1.874180665228989493e-103
4.281227538204300401e-09 7.255870843793888524e-104
4.288660224902569729e-09 2.772784334398279493e-104
4.296092911600839885e-09 1.046443837175299672e-104
4.303525598299110041e-09 3.901318150063119469e-105
4.310958284997379369e-09 1.436920237168890008e-105
4.318390971695661106e-09 5.227818044007239452e-106
4.325823658393930434e-09 1.878109497158969573e-106
4.333256345092199763e-09 6.658437182413728917e-107
4.340689031790469919e-09 2.327453107109539692e-107
4.348121718488740074e-09 8.010892045984139401e-108
4.355554405187010230e-09 2.709993429675289217e-108
4.362987091885280386e-09 8.986517268159926921e-109
4.370419778583549714e-09 2.909778467873839057e-109
4.377852465281829796e-09 9.145130500810219167e-110
4.385285151980099952e-09 2.763038877435568986e-110
4.392717838678370108e-09 7.888751097916248724e-111
4.400150525376639436e-09 2.055325665708339962e-111
4.407583212074910419e-09 4.461875262325469154e-112
4.415015898773179748e-09 5.252437223767088477e-113
4.422448585471449904e-09 -2.022943297249799849e-113
4.429881272169729985e-09 -2.122409269577569171e-113
4.437313958868000141e-09 -1.252553435151939787e-113
4.444746645566270297e-09 -6.191553060121688763e-114
4.452179332264540453e-09 -2.797761737245959456e-114
4.459612018962808954e-09 -1.195609376621849469e-114
4.467044705661079937e-09 -4.913818902968217266e-115
4.474477392359350093e-09 -1.960740682594709617e-115
4.481910079057630175e-09 -7.640761593005127475e-116
4.489342765755900330e-09 -2.919012844837589451e-116
4.496775452454169659e-09 -1.096113049852849739e-116
4.504208139152439815e-09 -4.053114758774269057e-117
4.511640825850709143e-09 -1.477732320969819610e-117
4.519073512548980953e-09 -5.316974707001888413e-118
4.526506199247250282e-09 -1.889091644386849555e-118
4.533938885945519610e-09 -6.629969387951757183e-119
4.541371572643799692e-09 -2.298774173239219591e-119
4.548804259342069848e-09 -7.873613070145517898e-120
4.556236946040340831e-09 -2.663294413286439138e-120
4.563669632738610987e-09 -8.892072534980828618e-121
4.571102319436879488e-09 -2.928014310595359348e-121
4.578535006135150471e-09 -9.497710213167968079e-122
4.585967692833419800e-09 -3.029798724962129410e-122
4.593400379531690782e-09 -9.482471575659768338e-123
4.600833066229970037e-09 -2.901577330587829277e-123
4.608265752928240193e-09 -8.635297456227068010e-124
4.615698439626509521e-09 -2.478743273621349579e-124
4.623131126324779677e-09 -6.764895987905519049e-125
4.630563813023049833e-09 -1.707027523081539548e-125
4.637996499721320816e-09 -3.726239894418138805e-126
4.645429186419590144e-09 -5.511770128482649026e-127
4.652861873117870226e-09 5.518040699370308351e-128
4.660294559816139555e-09 9.965178941345028212e-128
4.667727246514409711e-09 6.041091678517527608e-128
4.675159933212679039e-09 2.909001273194748948e-128
4.682592619910950022e-09 1.259488168733029674e-128
4.690025306609220178e-09 5.119755597830768594e-129
4.697457993307490334e-09 1.993834508566909652e-129
4.704890680005769588e-09 7.521745566594539408e-130
4.712323366704039744e-09 2.767203101175279337e-130
4.719756053402309900e-09 9.970819033938477330e-131
4.727188740100580056e-09 3.529018925492788808e-131
4.734621426798849384e-09 1.229390965140919674e-131
4.742054113497120367e-09 4.221412471552699748e-132
4.749486800195388868e-09 1.430178331087339755e-132
4.756919486893660678e-09 4.783873358112469094e-133
4.764352173591940760e-09 1.580541399146709568e-133
4.771784860290210089e-09 5.158832148133018979e-134
4.779217546988480245e-09 1.663446049046459535e-134
4.786650233686749573e-09 5.297605106089498305e-135
4.794082920385020556e-09 1.665584601849439443e-135
4.801515607083290712e-09 5.166022235923578146e-136
4.808948293781559213e-09 1.579020835060599504e-136
4.816380980479840122e-09 4.749030094410277796e-137
4.823813667178110278e-09 1.402405058932369813e-137
4.831246353876379607e-09 4.053630653169858927e-138
4.838679040574650590e-09 1.141580001483979940e-138
4.846111727272919918e-09 3.109683880811498907e-139
4.853544413971190074e-09 8.094643136299078532e-140
4.860977100669459402e-09 1.968346722121279536e-140
4.868409787367740311e-09 4.251868373545039445e-141
4.875842474066008813e-09 6.982126847913707686e-142
4.883275160764280623e-09 1.253951763849149474e-143
4.890707847462549952e-09 -6.204871720279637087e-143
4.898140534160820107e-09 -4.020938569893229123e-143
4.905573220859090263e-09 -1.903003645044309450e-143
4.913005907557361246e-09 -7.921055643204947818e-144
4.920438594255629747e-09 -3.067712273139359262e-144
4.927871280953910656e-09 -1.133060529508949719e-144
4.935303967652179985e-09 -4.043410714147948292e-145
4.942736654350450141e-09 -1.404849388963429712e-145
4.950169341048719469e-09 -4.775447634268238686e-146
4.957602027746990452e-09 -1.593358588368899824e-146
4.965034714445259781e-09 -5.230017105621088197e-147
4.972467401143529936e-09 -1.691482652092289455e-147
4.979900087841809191e-09 -5.396196014486138450e-148
4.987332774540079347e-09 -1.699390190228299059e-148
4.994765461238349503e-09 -5.285594589965727906e-149
5.002198147936620486e-09 -1.624050331405029550e-149
5.009630834634889814e-09 -4.929787947198748079e-150
5.017063521333159970e-09 -1.478116052068279661e-150
5.024496208031429298e-09 -4.375956550308929186e-151
5.031928894729699454e-09 -1.278332743781459629e-151
5.039361581427981190e-09 -3.681350757915219063e-152
5.046794268126250519e-09 -1.043685189233019417e-152
5.054226954824519848e-09 -2.907287376968228976e-153
5.061659641522790003e-09 -7.935094969147307109e-154
5.069092328221059332e-09 -2.113378582460949034e-154
5.076525014919330315e-09 -5.457791695121098285e-155
5.083957701617599643e-09 -1.352595477204049712e-155
5.091390388315879725e-09 -3.157316302697259112e-156
5.098823075014149881e-09 -6.676025229552777681e-157
5.106255761712420037e-09 -1.149418055280249623e-157
5.113688448410690192e-09 -8.859554437036256720e-159
5.121121135108960348e-09 4.911702324430318861e-159
5.128553821807230504e-09 3.673323101951848958e-159
5.135986508505499832e-09 1.730478994376189390e-159
5.143419195203769988e-09 6.954558953893768660e-160
5.150851881902049243e-09 2.571145761317019559e-160
5.158284568600319399e-09 9.016108785248066276e-161
5.165717255298590382e-09 3.045440694153819511e-161
5.173149941996860537e-09 9.996884702033735599e-162
5.180582628695129866e-09 3.206709180531639207e-162
5.188015315393400022e-09 1.008824443959079869e-162
5.195448002091670177e-09 3.120435588184239510e-163
5.202880688789950259e-09 9.506399223999356549e-164
5.210313375488220415e-09 2.855954085115799272e-164
5.217746062186490571e-09 8.468176522268018181e-165
5.225178748884759072e-09 2.479557875474518757e-165
5.232611435583029228e-09 7.172020241541988274e-166
5.240044122281300211e-09 2.049442647801049402e-166
5.247476808979570367e-09 5.785110383600128112e-167
5.254909495677849621e-09 1.612614290487759355e-167
5.262342182376119777e-09 4.436582261425227850e-168
5.269774869074389933e-09 1.203634266375939753e-168
5.277207555772660916e-09 3.216123018209968603e-169
5.284640242470930244e-09 8.448924788194188976e-170
5.292072929169200400e-09 2.176771071560049163e-170
5.299505615867469728e-09 5.479953058208377953e-171
5.306938302565739884e-09 1.340545782700719327e-171
5.314370989264019139e-09 3.158304741881579524e-172
5.321803675962290122e-09 7.055564749656206617e-173
5.329236362660559450e-09 1.449056662949169283e-173
5.336669049358829606e-09 2.534247900202039051e-174
5.344101736057099762e-09 2.763414906765809265e-175
5.351534422755369918e-09 -4.386399265866778371e-176
5.358967109453640073e-09 -4.566259220043639057e-176
5.366399796151920155e-09 -2.182497496742229729e-176
5.373832482850190311e-09 -8.516658610094987179e-177
5.381265169548460467e-09 -3.012977676773919465e-177
5.388697856246729795e-09 -1.004339416238089706e-177
5.396130542944999124e-09 -3.213364107862179155e-178
5.403563229643270107e-09 -9.970179722713856332e-179
5.410995916341539435e-09 -3.018826727796458697e-179
5.418428603039820344e-09 -8.956531988153547374e-180
5.425861289738089673e-09 -2.611030964389468719e-180
5.433293976436359829e-09 -7.493647509063787359e-181
5.440726663134629984e-09 -2.120185935569788893e-181
5.448159349832900967e-09 -5.919240012948496569e-182
5.455592036531169469e-09 -1.631718575868279201e-182
5.463024723229440452e-09 -4.443015063277247592e-183
5.470457409927709780e-09 -1.195181331393059752e-183
5.477890096625989035e-09 -3.176097280526198644e-184
5.485322783324260018e-09 -8.335792071919976009e-185
5.492755470022531001e-09 -2.159639927692169060e-185
5.500188156720800329e-09 -5.519068999900987177e-186
5.507620843419069658e-09 -1.389686802137559364e-186
5.515053530117340641e-09 -3.442282579867358400e-187
5.522486216815609969e-09 -8.369018206851176851e-188
5.529918903513889224e-09 -1.990583447673649278e-188
5.537351590212160207e-09 -4.609310212722718297e-189
5.544784276910430363e-09 -1.031067067685869379e-189
5.552216963608699691e-09 -2.199059843227239063e-190
5.559649650306969847e-09 -4.361709311985367672e-191
5.567082337005240003e-09 -7.598872822281945745e-192
5.574515023703509331e-09 -9.616204947452298420e-193
5.581947710401780314e-09 2.021366589177589257e-194
5.589380397100059569e-09 7.609898290536346313e-194
5.596813083798329725e-09 3.805843780712278464e-194
5.604245770496599880e-09 1.453094015120219636e-194
5.611678457194870863e-09 4.933936803924556962e-195
5.619111143893139365e-09 1.565714533856259321e-195
5.626543830591410348e-09 4.749001585115337374e-196
5.633976517289679676e-09 1.393466441273989419e-196
5.641409203987958931e-09 3.983983144865778286e-197
5.648841890686230741e-09 1.114971788052589550e-197
5.656274577384500897e-09 3.063921668795288801e-198
5.663707264082769398e-09 8.284914677073675167e-199
5.671139950781039554e-09 2.207741792005778965e-199
5.678572637479310537e-09 5.803853240847726859e-200
5.686005324177579865e-09 1.506275515207589190e-200
5.693438010875850021e-09 3.861073156824128740e-201
5.700870697574130103e-09 9.777418030275607595e-202
5.708303384272400259e-09 2.446015004854538731e-202
5.715736070970669587e-09 6.044061947044537369e-203
5.723168757668941397e-09 1.474525969782189479e-203
5.730601444367209899e-09 3.549240645067847669e-204
5.738034131065480882e-09 8.420595093675116750e-205
5.745466817763750210e-09 1.966312111458389163e-205
5.752899504462029465e-09 4.510040495142208358e-206
5.760332191160300448e-09 1.013103807785939559e-206
5.767764877858570604e-09 2.219153389035339199e-207
5.775197564556839932e-09 4.708231894004819455e-208
5.782630251255110088e-09 9.568035015983944561e-209
5.790062937953380244e-09 1.824809667872229256e-209
5.797495624651650399e-09 3.126237902575617825e-210
5.804928311349929654e-09 4.240330221340918235e-211
5.812360998048200637e-09 1.840621931759779245e-212
5.819793684746469138e-09 -1.651626163491269032e-212
5.827226371444740121e-09 -9.134758543598884482e-213
5.834659058143009450e-09 -3.449132281949807647e-213
5.842091744841280433e-09 -1.128340969587549523e-213
5.849524431539549761e-09 -3.414826464535818350e-214
5.856957118237820744e-09 -9.828589515322377134e-215
5.864389804936099172e-09 -2.728920312496698994e-215
5.871822491634370155e-09 -7.369894635928896365e-216
5.879255178332639483e-09 -1.946088743270749096e-216
5.886687865030909639e-09 -5.041904370392636980e-217
5.894120551729179795e-09 -1.284659500807679338e-217
5.901553238427450778e-09 -3.224524358207028523e-218
5.908985925125719279e-09 -7.982441403366206582e-219
5.916418611823999361e-09 -1.950511949066049512e-219
5.923851298522270344e-09 -4.706860584440857351e-220
5.931283985220539673e-09 -1.122039491349609512e-220
5.938716671918809828e-09 -2.642476107035118711e-221
5.946149358617079984e-09 -6.147274234575876526e-222
5.953582045315348485e-09 -1.412117457185779762e-222
5.961014732013620295e-09 -3.201226705535688289e-223
5.968447418711901205e-09 -7.155313486682145988e-224
5.975880105410169706e-09 -1.574873141947319219e-224
5.983312792108440689e-09 -3.406974774289198582e-225
5.990745478806710017e-09 -7.225294415156687805e-226
5.998178165504979346e-09 -1.496333778884689369e-226
6.005610852203250329e-09 -3.008340444413989205e-227
6.013043538901519657e-09 -5.815676599963337326e-228
6.020476225599789813e-09 -1.062915080170059407e-228
6.027908912298069895e-09 -1.774563258514219289e-229
6.035341598996340051e-09 -2.476192802077118667e-230
6.042774285694610207e-09 -1.914935605655769028e-231
6.050206972392879535e-09 4.352707160701158720e-232
6.057639659091150518e-09 2.997009673251367909e-232
6.065072345789419019e-09 1.136779018347209320e-232
6.072505032487690002e-09 3.600726691394228467e-233
6.079937719185969257e-09 1.041536129292399505e-233
6.087370405884240240e-09 2.847915368644968080e-234
6.094803092582509569e-09 7.487283487309546370e-235
6.102235779280780551e-09 1.910860528616928872e-235
6.109668465979049880e-09 4.762209097244187711e-236
6.117101152677320863e-09 1.163438620957499498e-236
6.124533839375590191e-09 2.793698684294198086e-237
6.131966526073860347e-09 6.605665184525107420e-238
6.139399212772139602e-09 1.539988682303318952e-238
6.146831899470410585e-09 3.543023770805257575e-239
6.154264586168679913e-09 8.049078668349114561e-240
6.161697272866950069e-09 1.806285040127439327e-240
6.169129959565220225e-09 4.004538232432538367e-241
6.176562646263489553e-09 8.770273273808374283e-242
6.183995332961759709e-09 1.896900834753959037e-242
6.191428019660039791e-09 4.049678372266558463e-243
6.198860706358309947e-09 8.526901934807456150e-244
6.206293393056580103e-09 1.768681411039929425e-244
6.213726079754849431e-09 3.608064205202268433e-245
6.221158766453120414e-09 7.221650241598766102e-246
6.228591453151388915e-09 1.413317790758239189e-246
6.236024139849659898e-09 2.690479838151368909e-247
6.243456826547941635e-09 4.941088383086757307e-248
6.250889513246210136e-09 8.630905148804525318e-249
6.258322199944480292e-09 1.395033770722819316e-249
6.265754886642750447e-09 1.954746603694838963e-250
6.273187573341018949e-09 1.875303163065798815e-251
6.280620260039290759e-09 -1.067656978293219403e-252
6.288052946737560087e-09 -1.328846157430259248e-252
6.295485633435830243e-09 -5.188472501334257651e-253
6.302918320134110325e-09 -1.601795801305259354e-253
6.310351006832380481e-09 -4.440383012708807967e-254
6.317783693530649809e-09 -1.155032319550999584e-254
6.325216380228919965e-09 -2.877573446045178801e-255
6.332649066927190948e-09 -6.943445912933157829e-256
6.340081753625459449e-09 -1.633693218537539173e-256
6.347514440323730432e-09 -3.764461150306617824e-257
6.354947127022009687e-09 -8.520155165558336743e-258
6.362379813720280670e-09 -1.897974399716368861e-258
6.369812500418549999e-09 -4.167298204908437948e-259
6.377245187116820982e-09 -9.027682554215493900e-260
6.384677873815089483e-09 -1.930858212530068545e-260
6.392110560513360466e-09 -4.079046019068617561e-261
6.399543247211630622e-09 -8.513053999461215044e-262
6.406975933909900777e-09 -1.755193480058499307e-262
6.414408620608180032e-09 -3.574218009875218993e-263
6.421841307306450188e-09 -7.185522324892076360e-264
6.429273994004719516e-09 -1.425101146370189296e-264
6.436706680702989672e-09 -2.785389736278498527e-265
6.444139367401260655e-09 -5.357068817159616709e-266
6.451572054099529984e-09 -1.011677560504189622e-266
6.459004740797800139e-09 -1.870215024695808864e-267
6.466437427496080221e-09 -3.368849383743508600e-268
6.473870114194348723e-09 -5.870814570177567365e-269
6.481302800892620533e-09 -9.779681098679615021e-270
6.488735487590889861e-09 -1.522814704588529165e-270
6.496168174289160017e-09 -2.109671178540668890e-271
6.503600860987429345e-09 -2.234940316321138718e-272
6.511033547685700328e-09 -3.358195599656327980e-274
6.518466234383979583e-09 7.798415407806086240e-274
6.525898921082250566e-09 3.267090493895848443e-274
6.533331607780519895e-09 9.920460990888563604e-275
6.540764294478789223e-09 2.644556345425078540e-275
6.548196981177059379e-09 6.554755876140266777e-276
6.555629667875330362e-09 1.548875969312609035e-276
6.563062354573599690e-09 3.535477663208418069e-277
6.570495041271870673e-09 7.856233620590404279e-278
6.577927727970150755e-09 1.707846603347029084e-278
6.585360414668419257e-09 3.643972830925597977e-279
6.592793101366690239e-09 7.648482251103165662e-280
6.600225788064959568e-09 1.581753410026518758e-280
6.607658474763230551e-09 3.226636408716078845e-281
6.615091161461499880e-09 6.497423360146517284e-282
6.622523848159770035e-09 1.292184368179179436e-282
6.629956534858050117e-09 2.538700189288328415e-283
6.637389221556320273e-09 4.927447152703737096e-284
6.644821908254590429e-09 9.446836779160704046e-285
6.652254594952859757e-09 1.788295911678988978e-285
6.659687281651129913e-09 3.340454634594308457e-286
6.667119968349400896e-09 6.151400464427956401e-287
6.674552655047669397e-09 1.115206962264349442e-287
6.681985341745940380e-09 1.986611810684538585e-288
6.689418028444220462e-09 3.467729412049488380e-289
6.696850715142489791e-09 5.907201162817596443e-290
6.704283401840759119e-09 9.758907508533564402e-291
6.711716088539030102e-09 1.547562500818179126e-291
6.719148775237301085e-09 2.312678199884658623e-292
6.726581461935570414e-09 3.134256093262048422e-293
6.734014148633840569e-09 3.471580963640547987e-294
6.741446835332120651e-09 1.782439111824898752e-295
6.748879522030389153e-09 -5.791619659143625193e-296
6.756312208728660136e-09 -2.822258382897667834e-296
6.763744895426930291e-09 -8.539442939846564825e-297
6.771177582125200447e-09 -2.198663987482528541e-297
6.778610268823469776e-09 -5.202996451436138169e-298
6.786042955521739931e-09 -1.167352480028179399e-298
6.793475642220019186e-09 -2.522260485917488781e-299
6.800908328918290169e-09 -5.295435105828678130e-300
6.808341015616560325e-09 -1.086313602466389455e-300
6.815773702314829653e-09 -2.185465460142719023e-301
6.823206389013099809e-09 -4.322731391703967261e-302
6.830639075711370792e-09 -8.420949454819575373e-303
6.838071762409639293e-09 -1.617667723716329283e-303
6.845504449107910276e-09 -3.067008981790088093e-304
6.852937135806191185e-09 -5.742257744042016162e-305
6.860369822504459687e-09 -1.062016880740869609e-305
6.867802509202730670e-09 -1.940471008207938153e-306
6.875235195900999998e-09 -3.502404568783058192e-307
6.882667882599268499e-09 -6.242695956331656276e-308
6.890100569297540310e-09 -1.098204613754259253e-308
6.897533255995810465e-09 -1.905158852957948323e-309
6.904965942694089720e-09 -3.255246604901962988e-310
6.912398629392359876e-09 -5.468714777370120876e-311
6.919831316090630032e-09 -9.010628523289897256e-312
6.927264002788900187e-09 -1.450828499133085227e-312
6.934696689487170343e-09 -2.270269364947840366e-313
6.942129376185441326e-09 -3.422197543168268769e-314
6.949562062883709827e-09 -4.893492981504398797e-315
6.956994749581979983e-09 -6.438657123156293612e-316
6.964427436280260892e-09 -7.232250511447877130e-317
6.971860122978530221e-09 -5.137358813991240928e-318
6.979292809676799549e-09 4.776379631170250966e-319
6.986725496375070532e-09 3.314834637642675439e-319
6.994158183073339034e-09 1.019306833935075745e-319
7.001590869771610844e-09 2.549378732540832168e-320
7.009023556469880172e-09 5.775627399884172101e-321
7.016456243168160254e-09 1.230223458144703895e-321
7.023888929866429583e-09 2.519734793790357375e-322
7.031321616564700566e-09 4.940656458412465442e-323
7.038754303262969067e-09 9.881312916824930884e-324
7.046186989961240877e-09 0.000000000000000000e+00
7.053619676659510206e-09 0.000000000000000000e+00
7.061052363357780361e-09 0.000000000000000000e+00
7.068485050056049690e-09 0.000000000000000000e+00
7.075917736754329772e-09 0.000000000000000000e+00
7.083350423452599100e-09 0.000000000000000000e+00
7.090783110150870083e-09 0.000000000000000000e+00
7.098215796849140239e-09 0.000000000000000000e+00
7.105648483547409568e-09 0.000000000000000000e+00
7.113081170245679723e-09 0.000000000000000000e+00
7.120513856943950706e-09 0.000000000000000000e+00
7.127946543642230788e-09 0.000000000000000000e+00
7.135379230340500117e-09 0.000000000000000000e+00
7.142811917038769445e-09 0.000000000000000000e+00
7.150244603737039601e-09 0.000000000000000000e+00
7.157677290435308930e-09 0.000000000000000000e+00
7.165109977133580740e-09 0.000000000000000000e+00
7.172542663831849241e-09 0.000000000000000000e+00
7.179975350530130150e-09 0.000000000000000000e+00
7.187408037228400306e-09 0.000000000000000000e+00
7.194840723926668807e-09 0.000000000000000000e+00
7.202273410624939790e-09 0.000000000000000000e+00
7.209706097323210773e-09 -0.000000000000000000e+00
7.217138784021480102e-09 -0.000000000000000000e+00
7.224571470719750257e-09 -0.000000000000000000e+00
7.232004157418019586e-09 -0.000000000000000000e+00
7.239436844116299668e-09 -0.000000000000000000e+00
7.246869530814570651e-09 -0.000000000000000000e+00
7.254302217512839979e-09 -0.000000000000000000e+00
7.261734904211110135e-09 -0.000000000000000000e+00
7.269167590909379464e-09 -0.000000000000000000e+00
7.276600277607650447e-09 -0.000000000000000000e+00
7.284032964305919775e-09 -0.000000000000000000e+00
7.291465651004200684e-09 -0.000000000000000000e+00
7.298898337702470013e-09 -0.000000000000000000e+00
7.306331024400739341e-09 -0.000000000000000000e+00
7.313763711099009497e-09 -0.000000000000000000e+00
7.321196397797281307e-09 -0.000000000000000000e+00
7.328629084495550636e-09 -0.000000000000000000e+00
7.336061771193819964e-09 -0.000000000000000000e+00
7.343494457892100046e-09 -0.000000000000000000e+00
7.350927144590370202e-09 -0.000000000000000000e+00
7.358359831288638703e-09 -0.000000000000000000e+00
7.365792517986910513e-09 -0.000000000000000000e+00
7.373225204685180669e-09 -0.000000000000000000e+00
7.380657891383449998e-09 -0.000000000000000000e+00
7.388090578081720153e-09 -0.000000000000000000e+00
7.395523264779989482e-09 -0.000000000000000000e+00
7.402955951478268737e-09 -0.000000000000000000e+00
7.410388638176540547e-09 -0.000000000000000000e+00
7.417821324874809875e-09 -0.000000000000000000e+00
7.425254011573080031e-09 -0.000000000000000000e+00
7.432686698271349360e-09 -0.000000000000000000e+00
7.440119384969621170e-09 -0.000000000000000000e+00
7.447552071667889671e-09 0.000000000000000000e+00
7.454984758366159827e-09 0.000000000000000000e+00
7.462417445064440736e-09 0.000000000000000000e+00
7.469850131762710064e-09 0.000000000000000000e+00
7.477282818460981047e-09 0.000000000000000000e+00
7.484715505159250376e-09 0.000000000000000000e+00
7.492148191857519704e-09 0.000000000000000000e+00
7.499580878555789033e-09 0.000000000000000000e+00
7.507013565254060016e-09 0.000000000000000000e+00
7.514446251952339271e-09 0.000000000000000000e+00
7.521878938650610254e-09 0.000000000000000000e+00
7.529311625348879582e-09 0.000000000000000000e+00
7.536744312047150565e-09 0.000000000000000000e+00
7.544176998745419894e-09 0.000000000000000000e+00
7.551609685443690877e-09 0.000000000000000000e+00
7.559042372141960205e-09 0.000000000000000000e+00
7.566475058840239460e-09 0.000000000000000000e+00
7.573907745538510443e-09 0.000000000000000000e+00
7.581340432236779771e-09 0.000000000000000000e+00
7.588773118935050754e-09 0.000000000000000000e+00
7.596205805633320083e-09 0.000000000000000000e+00
7.603638492331589411e-09 0.000000000000000000e+00
7.611071179029860394e-09 0.000000000000000000e+00
7.618503865728129723e-09 0.000000000000000000e+00
7.625936552426408978e-09 0.000000000000000000e+00
7.633369239124679960e-09 0.000000000000000000e+00
7.640801925822950943e-09 0.000000000000000000e+00
7.648234612521218618e-09 0.000000000000000000e+00
7.655667299219489601e-09 0.000000000000000000e+00
7.663099985917760583e-09 0.000000000000000000e+00
7.670532672616029912e-09 0.000000000000000000e+00
7.677965359314309167e-09 -0.000000000000000000e+00
7.685398046012580150e-09 -0.000000000000000000e+00
7.692830732710849478e-09 -0.000000000000000000e+00
7.700263419409120461e-09 -0.000000000000000000e+00
7.707696106107389790e-09 -0.000000000000000000e+00
7.715128792805659118e-09 -0.000000000000000000e+00
7.722561479503930101e-09 -0.000000000000000000e+00
7.729994166202209356e-09 -0.000000000000000000e+00
7.737426852900480339e-09 -0.000000000000000000e+00
7.744859539598749667e-09 -0.000000000000000000e+00
7.752292226297020650e-09 -0.000000000000000000e+00
7.759724912995289979e-09 -0.000000000000000000e+00
7.767157599693559307e-09 -0.000000000000000000e+00
7.774590286391830290e-09 -0.000000000000000000e+00
7.782022973090097964e-09 -0.000000000000000000e+00
7.789455659788380528e-09 -0.000000000000000000e+00
7.796888346486651511e-09 -0.000000000000000000e+00
7.804321033184919185e-09 -0.000000000000000000e+00
7.811753719883190168e-09 -0.000000000000000000e+00
7.819186406581459497e-09 -0.000000000000000000e+00
7.826619093279730479e-09 -0.000000000000000000e+00
7.834051779977999808e-09 -0.000000000000000000e+00
7.841484466676280717e-09 -0.000000000000000000e+00
7.848917153374550046e-09 -0.000000000000000000e+00
7.856349840072819374e-09 -0.000000000000000000e+00
7.863782526771090357e-09 -0.000000000000000000e+00
7.871215213469359686e-09 -0.000000000000000000e+00
7.878647900167629014e-09 -0.000000000000000000e+00
7.886080586865899997e-09 -0.000000000000000000e+00
7.893513273564169326e-09 -0.000000000000000000e+00
7.900945960262450235e-09 -0.000000000000000000e+00
7.908378646960719563e-09 0.000000000000000000e+00
7.915811333658990546e-09 0.000000000000000000e+00
7.923244020357259875e-09 0.000000000000000000e+00
7.930676707055530858e-09 0.000000000000000000e+00
